  0        0 353.0
  1   100000 55.0
  2   200000 262.0
  3   300000 232.0
  4   400000 93.0
  5   500000 50.0
  6   600000 85.0
  7   700000 122.0
  8   800000 344.0
  9   900000 172.0
 10  1000000 292.0
 11  1100000 214.0
 12  1200000 355.0
 13  1300000 263.0
 14  1400000 332.0
 15  1500000 315.0
 16  1600000 313.0
 17  1700000 151.0
 18  1800000 363.0
 19  1900000 153.0
 20  2000000 386.7
 21  2100000 369.0
 22  2200000 188.0
 23  2300000 354.0
 24  2400000 280.0
 25  2500000 348.3
 26  2600000 235.3
 27  2700000 264.3
 28  2800000 405.3
 29  2900000 343.3
 30  3000000 332.7
 31  3100000 382.3
 32  3200000 60.3
 33  3300000 380.7
 34  3400000 264.7
 35  3500000 344.0
 36  3600000 299.7
 37  3700000 146.0
 38  3800000 307.7
 39  3900000 138.7
 40  4000000 476.7
 41  4100000 336.0
 42  4200000 265.0
 43  4300000 455.3
 44  4400000 318.7
 45  4500000 199.3
 46  4600000 641.3
 47  4700000 1299.0
 48  4800000 346.0
 49  4900000 363.0
 50  5000000 293.0
 51  5100000 358.0
 52  5200000 332.0
 53  5300000 360.0
 54  5400000 241.0
 55  5500000 374.0
 56  5600000 329.0
