  0        0 0.0
  1   100000 1.0
  2   200000 1.0
  3   300000 4.0
  4   400000 13.0
  5   500000 14.0
  6   600000 16.0
  7   700000 20.0
  8   800000 20.0
  9   900000 17.0
 10  1000000 18.0
 11  1100000 36.0
 12  1200000 20.0
 13  1300000 21.0
 14  1400000 45.0
 15  1500000 36.0
 16  1600000 24.0
 17  1700000 54.0
 18  1800000 19.0
 19  1900000 50.0
 20  2000000 39.0
 21  2100000 66.0
 22  2200000 56.0
 23  2300000 54.0
 24  2400000 52.0
 25  2500000 46.0
 26  2600000 34.0
 27  2700000 55.0
 28  2800000 60.0
 29  2900000 55.0
 30  3000000 35.0
 31  3100000 42.0
 32  3200000 66.0
 33  3300000 67.0
 34  3400000 72.0
 35  3500000 52.0
 36  3600000 66.0
 37  3700000 73.0
 38  3800000 48.0
 39  3900000 72.0
 40  4000000 66.0
 41  4100000 96.0
 42  4200000 77.0
 43  4300000 293.0
 44  4400000 83.0
 45  4500000 65.0
 46  4600000 34.0
 47  4700000 58.0
 48  4800000 104.0
 49  4900000 81.0
 50  5000000 64.0
 51  5100000 36.0
 52  5200000 66.0
 53  5300000 45.0
 54  5400000 35.0
 55  5500000 95.0
 56  5600000 66.0
 57  5700000 46.0
 58  5800000 52.0
 59  5900000 66.0
 60  6000000 45.0
 61  6100000 49.0
 62  6200000 142.0
 63  6300000 62.0
 64  6400000 30.0
 65  6500000 67.0
 66  6600000 83.0
 67  6700000 65.0
 68  6800000 63.0
 69  6900000 57.0
 70  7000000 77.0
 71  7100000 67.0
 72  7200000 24.0
 73  7300000 120.0
 74  7400000 113.0
 75  7500000 78.0
 76  7600000 48.0
 77  7700000 68.0
 78  7800000 98.0
 79  7900000 68.0
 80  8000000 88.0
 81  8100000 91.0
 82  8200000 131.0
 83  8300000 62.0
 84  8400000 120.0
 85  8500000 77.0
 86  8600000 88.0
 87  8700000 55.0
 88  8800000 118.0
 89  8900000 20.0
 90  9000000 81.0
 91  9100000 51.0
 92  9200000 101.0
 93  9300000 83.0
 94  9400000 88.0
 95  9500000 321.0
 96  9600000 51.0
 97  9700000 135.0
 98  9800000 61.0
 99  9900000 62.0
100 10000000 73.0
101 10100000 69.0
102 10200000 61.0
103 10300000 108.0
104 10400000 67.0
105 10500000 85.0
106 10600000 68.0
107 10700000 72.0
108 10800000 51.0
109 10900000 39.0
110 11000000 53.0
111 11100000 39.0
112 11200000 68.0
113 11300000 86.0
114 11400000 72.0
115 11500000 57.0
116 11600000 64.0
117 11700000 89.0
118 11800000 73.0
119 11900000 62.0
120 12000000 103.0
121 12100000 42.0
122 12200000 84.0
123 12300000 67.0
124 12400000 73.0
125 12500000 62.0
126 12600000 82.0
127 12700000 44.0
128 12800000 38.0
129 12900000 102.0
130 13000000 46.0
131 13100000 67.0