  0        0 0.0
  1   100000 4.0
  2   200000 0.0
  3   300000 0.0
  4   400000 0.0
  5   500000 0.0
  6   600000 0.0
  7   700000 0.0
  8   800000 0.0
  9   900000 3.0
 10  1000000 10.0
 11  1100000 4.0
 12  1200000 10.0
 13  1300000 14.0
 14  1400000 14.0
 15  1500000 14.0
 16  1600000 10.0
 17  1700000 6.0
 18  1800000 11.0
 19  1900000 11.0
 20  2000000 13.0
 21  2100000 13.0
 22  2200000 22.0
 23  2300000 21.0
 24  2400000 16.0
 25  2500000 19.0
 26  2600000 15.0
 27  2700000 17.0
 28  2800000 18.0
 29  2900000 17.0
 30  3000000 22.0
 31  3100000 23.0
 32  3200000 21.0
 33  3300000 21.0
 34  3400000 15.0
 35  3500000 20.0
 36  3600000 20.0
 37  3700000 16.0
 38  3800000 16.0
 39  3900000 16.0
 40  4000000 18.0
 41  4100000 18.0
 42  4200000 17.0
 43  4300000 14.0
 44  4400000 20.0
 45  4500000 22.0
 46  4600000 15.0
 47  4700000 16.0
 48  4800000 22.0
 49  4900000 21.0
 50  5000000 17.0
 51  5100000 22.0
 52  5200000 22.0
 53  5300000 21.0
 54  5400000 25.0
 55  5500000 21.0
 56  5600000 23.0
 57  5700000 21.0
 58  5800000 21.0
 59  5900000 21.0
 60  6000000 27.0
 61  6100000 21.0
 62  6200000 18.0
 63  6300000 22.0
 64  6400000 22.0
 65  6500000 22.0
 66  6600000 22.0
 67  6700000 22.0
 68  6800000 24.0
 69  6900000 24.0
 70  7000000 23.0
 71  7100000 34.0
 72  7200000 19.0
 73  7300000 20.0
 74  7400000 28.0
 75  7500000 23.0
 76  7600000 19.0
 77  7700000 23.0
 78  7800000 17.0
 79  7900000 25.0
 80  8000000 15.0
 81  8100000 13.0
 82  8200000 22.0
 83  8300000 29.0
 84  8400000 15.0
 85  8500000 16.0
 86  8600000 16.0
 87  8700000 29.0
 88  8800000 29.0
 89  8900000 37.0
 90  9000000 18.0
 91  9100000 15.0
 92  9200000 15.0
 93  9300000 16.0
 94  9400000 24.0
 95  9500000 16.0
 96  9600000 27.0
 97  9700000 23.0
 98  9800000 28.0
 99  9900000 44.0