  0        0 0.0
  1   100000 5.0
  2   200000 9.0
  3   300000 8.0
  4   400000 14.0
  5   500000 12.0
  6   600000 19.0
  7   700000 17.0
  8   800000 18.0
  9   900000 28.0
 10  1000000 35.0
 11  1100000 36.0
 12  1200000 26.0
 13  1300000 24.0
 14  1400000 26.0
 15  1500000 37.0
 16  1600000 30.0
 17  1700000 39.0
 18  1800000 40.0
 19  1900000 61.0
 20  2000000 28.0
 21  2100000 76.0
 22  2200000 50.0
 23  2300000 33.0
 24  2400000 74.0
 25  2500000 57.0
 26  2600000 37.0
 27  2700000 70.0
 28  2800000 56.0
 29  2900000 52.0
 30  3000000 95.0
 31  3100000 85.0
 32  3200000 69.0
 33  3300000 45.0
 34  3400000 55.0
 35  3500000 181.0
 36  3600000 63.0
 37  3700000 61.0
 38  3800000 46.0
 39  3900000 79.0
 40  4000000 74.0
 41  4100000 62.0
 42  4200000 61.0
 43  4300000 86.0
 44  4400000 93.0
 45  4500000 114.0
 46  4600000 66.0
 47  4700000 104.0
 48  4800000 66.0
 49  4900000 79.0
 50  5000000 129.0
 51  5100000 238.0
 52  5200000 79.0
 53  5300000 97.0
 54  5400000 66.0
 55  5500000 87.0
 56  5600000 127.0
 57  5700000 97.0
 58  5800000 87.0
 59  5900000 116.0
 60  6000000 105.0
 61  6100000 105.0
 62  6200000 140.0
 63  6300000 102.0
 64  6400000 274.0
 65  6500000 121.0
 66  6600000 89.0
 67  6700000 94.0
 68  6800000 108.0
 69  6900000 168.0
 70  7000000 70.0
 71  7100000 72.0
 72  7200000 39.0
 73  7300000 164.0
 74  7400000 243.0
 75  7500000 247.0
 76  7600000 115.0
 77  7700000 217.0
 78  7800000 291.0
 79  7900000 228.0
 80  8000000 125.0
 81  8100000 204.0
 82  8200000 104.0
 83  8300000 190.0
 84  8400000 94.0
 85  8500000 255.0
 86  8600000 50.0
 87  8700000 104.0
 88  8800000 364.0
 89  8900000 118.0
 90  9000000 179.0
 91  9100000 333.0
 92  9200000 221.0
 93  9300000 171.0
 94  9400000 315.0
 95  9500000 304.0
 96  9600000 111.0
 97  9700000 129.0
 98  9800000 248.0
 99  9900000 273.0
100 10000000 77.0